41.4134 2.153
41.3917 2.16472
41.3954 2.16177
41.3954 2.16177
41.3954 2.16156
41.3899 2.17428
41.3953 2.16184
41.3953 2.16172
41.3981 2.1645
41.3953 2.162
41.3951 2.16176
41.3917 2.16609
41.4105 2.14767
41.3953 2.16172
41.3949 2.16186
41.3948 2.16182
41.3954 2.16179
41.3953 2.16166
41.3952 2.16174
41.3953 2.16167
41.3951 2.16173
41.3953 2.16171
41.3953 2.16171
41.3953 2.16171
41.3953 2.16171
41.3951 2.16169
41.3953 2.16181
41.395 2.16176
41.4134 2.15315
41.3934 2.15992
41.3953 2.16174
41.3953 2.1617
41.3944 2.16283
41.3949 2.16152
41.3949 2.1619
41.3951 2.16172
41.3952 2.16175
41.3952 2.16175
41.3924 2.16498
41.395 2.16173
41.3946 2.16143
41.3946 2.16164
41.3951 2.16172
41.3954 2.16166
41.3951 2.16175
41.395 2.16157
41.395 2.16157
41.3953 2.16186
41.3957 2.1618
41.3954 2.1617
41.3946 2.16153
41.3955 2.16179
41.3951 2.16178
41.3951 2.16177
41.395 2.16178
41.3952 2.16176
41.3952 2.16173
41.3952 2.16173
41.3948 2.16138
41.3951 2.16184
41.3951 2.16184
41.3952 2.16169
41.3949 2.16194
41.3953 2.16171
41.3917 2.16608
41.3917 2.16608
41.3917 2.16608
41.3917 2.16608
41.3943 2.16278
41.3943 2.16278
41.3943 2.16278
41.3951 2.16173
41.3953 2.16167
41.3949 2.16182
41.3952 2.16174
41.3952 2.16167
41.3953 2.16174
41.3952 2.16174
41.3952 2.16167
41.3953 2.16168
41.3952 2.16173
41.3918 2.16608
41.3953 2.16166
41.3952 2.16169
41.3953 2.16168
41.3952 2.16168
41.3953 2.16166
41.3946 2.16142
41.3954 2.16169
41.3952 2.1617
41.3952 2.16163
41.3947 2.16172
41.3953 2.16175
41.3949 2.16165
41.3951 2.16162
41.3952 2.1617
41.395 2.16167
41.3951 2.16203
41.3935 2.16113
41.3934 2.16116
41.3948 2.1614
41.3954 2.16172
41.395 2.16217
41.3951 2.16173
41.3947 2.16173
41.3953 2.16151
41.3965 2.16023
41.3953 2.16149
41.3829 2.17179
41.3953 2.16163
41.3926 2.16497
41.394 2.163
41.394 2.163
41.3952 2.16183
41.3952 2.16183
41.3957 2.16143
41.3949 2.16168
41.3951 2.16173
41.3928 2.1638
41.396 2.16155
41.396 2.16155
41.3959 2.16163
41.3939 2.16234
41.3952 2.16182
41.3926 2.16494
41.3951 2.16177
41.3953 2.16169
41.3953 2.16172
41.3953 2.16172
41.3857 2.197
41.3858 2.1972
41.3859 2.19697
41.386 2.1969
41.3855 2.19706
41.3861 2.19691
41.3856 2.19682
41.3924 2.20371
41.3878 2.1963
41.3861 2.19694
41.3854 2.19697
41.3869 2.19743
41.3857 2.19741
41.3862 2.198
41.3862 2.19806
41.3862 2.19806
41.3857 2.16994
41.3857 2.16994
41.386 2.19699
41.3857 2.19731
41.3859 2.19728
41.3859 2.19728
41.3859 2.19728
41.3859 2.19728
41.3859 2.19728
41.3859 2.19728
41.3859 2.19728
41.3859 2.19728
41.3859 2.19728
41.3859 2.19728
41.386 2.19723
41.3857 2.19727
41.3856 2.1971
41.3856 2.19705
41.3871 2.19611
41.3861 2.19685
41.386 2.19699
41.386 2.197
41.3862 2.19691
41.3862 2.19691
41.3861 2.19693
41.3861 2.19693
41.3856 2.19726
41.3861 2.197
41.3852 2.19659
41.3865 2.19708
41.3861 2.19694
41.3853 2.19697
41.3853 2.19682
41.3855 2.19714
41.4035 2.17298
41.4117 2.17436
41.4116 2.17433
41.4116 2.17433
41.4116 2.17433
41.4116 2.17433
41.4116 2.17433
41.4118 2.17426
41.4126 2.17432
41.4123 2.17427
41.4121 2.17427
41.4114 2.17432
41.4114 2.17432
41.4119 2.17424
41.4125 2.1743
41.4131 2.17389
41.4133 2.17417
41.4126 2.17432
41.4126 2.17432
41.4122 2.17439
41.4121 2.17427
41.4113 2.17434
41.4116 2.1743
41.4123 2.17435
41.4117 2.17436
41.4023 2.15132
41.4023 2.15132
41.4114 2.17417
41.4114 2.17417
41.4122 2.17389
41.4122 2.17389
41.4122 2.17389
41.4122 2.17389
41.4114 2.17417
41.4119 2.17417
41.3899 2.17428
41.4135 2.15299
41.4136 2.15325
41.4135 2.15301
41.4136 2.1531
41.4135 2.15284
41.4135 2.15323
41.4135 2.15312
41.4138 2.15268
41.4135 2.15317
41.4136 2.15343
41.4137 2.15282
41.414 2.15251
41.4134 2.15291
41.4136 2.15301
41.4135 2.15312
41.4135 2.15312
41.4143 2.15242
41.4136 2.15286
41.414 2.15423
41.4136 2.15301
41.4133 2.15287
41.4137 2.15278
41.4136 2.15295
41.4146 2.15144
41.4136 2.15311
41.4135 2.153
41.4135 2.153
41.4137 2.15287
41.3827 2.17168
41.4137 2.15283
41.4137 2.15283
41.4138 2.15286
41.4135 2.1531
41.4136 2.15323
41.4136 2.15287
41.4036 2.1895
41.4036 2.1895
41.4036 2.1895
41.4036 2.1894
41.4024 2.18723
41.4024 2.18723
41.4033 2.18967
41.4034 2.18956
41.4033 2.18966
41.4028 2.18816
41.4033 2.18965
41.4026 2.18784
41.4036 2.18942
41.4032 2.18842
41.4045 2.1895
41.403 2.18827
41.4025 2.18753
41.3784 2.13882
41.386 2.16913
41.3875 2.17099
41.387 2.17005
41.3867 2.17001
41.387 2.17036
41.387 2.17003
41.3865 2.17014
41.3866 2.17007
41.3869 2.17003
41.3861 2.1701
41.3861 2.1701
41.3861 2.1701
41.3861 2.1701
41.3865 2.17016
41.3865 2.17021
41.3866 2.16999
41.3871 2.16994
41.4128 2.1602
41.387 2.17003
41.3867 2.17048
41.387 2.16994
41.3871 2.16999
41.387 2.17006
41.3829 2.17179
41.3877 2.16944
41.3866 2.16954
41.3861 2.1707
41.387 2.17001
41.3863 2.17029
41.3842 2.17601
41.3842 2.17611
41.3841 2.17676
41.3841 2.17676
41.3841 2.17685
41.3841 2.17685
41.3841 2.17685
41.3841 2.17685
41.3841 2.17685
41.3841 2.17685
41.3845 2.17776
41.384 2.17678
41.3841 2.1763
41.384 2.17676
41.3842 2.17668
41.3844 2.17606
41.3953 2.16167
41.3952 2.16177
41.3953 2.16182
41.3954 2.16179
41.3952 2.16164
41.3954 2.16192
41.3954 2.16192
41.3953 2.16174
41.3958 2.15437
41.3958 2.15437
41.3918 2.16608
41.3918 2.16608
41.3952 2.16174
41.3955 2.16202
41.3954 2.16178
41.4023 2.15132
41.4023 2.15132
41.4023 2.15132
41.4023 2.15132
41.3953 2.16167
41.4136 2.15297
41.4136 2.1526
41.4137 2.15282
41.414 2.15246
41.4135 2.15311
41.3802 2.18688
41.4137 2.15283
41.4135 2.15312
41.4135 2.15285
41.4135 2.15304
41.4135 2.15302
41.4135 2.15301
41.4134 2.153
41.4138 2.15276
41.4141 2.15242
41.4136 2.153
41.4136 2.153
41.4156 2.15378
41.4136 2.15303
41.4135 2.15308
41.4135 2.15306
41.4135 2.15298
41.4135 2.1529
41.4136 2.15306
41.4135 2.15296
41.4137 2.15284
41.4137 2.15288
41.4139 2.15251
41.4142 2.15671
41.4135 2.15307
41.4137 2.15285
41.4135 2.15301
41.4136 2.15303
41.4136 2.15298
41.4137 2.15287
41.4137 2.15287
41.4137 2.15296
41.4135 2.15293
41.4136 2.15314
41.4135 2.15305
41.4135 2.15305
41.4135 2.15305
41.4137 2.15291
41.4134 2.15292
41.4137 2.15283
41.4137 2.1529
41.4135 2.15306
41.4135 2.15308
41.4135 2.15308
41.4135 2.15308
41.4135 2.15308
41.4134 2.15293
41.4137 2.1528
41.4137 2.1528
41.4137 2.1528
41.4136 2.15278
41.4135 2.1531
41.4139 2.15266
41.4137 2.15265
41.3833 2.1833
41.4137 2.15278
41.4137 2.15283
41.4136 2.15294
41.4135 2.153
41.4137 2.15293
41.4134 2.15316
41.4138 2.15272
41.4136 2.15295
41.3833 2.18333
41.4135 2.15308
41.4136 2.15309
41.3694 2.15307
41.3743 2.14979
41.3899 2.17428
41.3684 2.15347
41.3683 2.15385
41.3743 2.14963
41.3743 2.14963
41.3696 2.15278
41.3696 2.15276
41.3711 2.1518
41.3706 2.1521
41.3683 2.15367
41.3701 2.15239
41.3688 2.15322
41.3694 2.15306
41.3706 2.15242
41.3701 2.15246
41.3708 2.15194
41.3708 2.15194
41.3683 2.15357
41.3704 2.15226
41.3701 2.15246
41.3705 2.15219
41.3698 2.15222
41.3978 2.15767
41.373 2.15048
41.3715 2.15146
41.3735 2.15007
41.3709 2.15205
41.3712 2.15117
41.3695 2.15263
41.3695 2.15263
41.3729 2.1505
41.3801 2.1752
41.3801 2.1752
41.3688 2.15327
41.3705 2.15201
41.3715 2.15109
41.3696 2.15283
41.3683 2.15355
41.3683 2.15355
41.3717 2.15105
41.3713 2.15169
41.3857 2.16994
41.3704 2.1522
41.3695 2.15273
41.3709 2.15194
41.3709 2.15194
41.3684 2.15354
41.3689 2.15325
41.3689 2.15314
41.369 2.15319
41.3691 2.15311
41.3706 2.15185
41.387 2.17003
41.3716 2.15139
41.3705 2.15208
41.3846 2.17558
41.3717 2.15139
41.3708 2.15195
41.3714 2.15179
41.3711 2.15187
41.373 2.15029
41.3739 2.14992
41.3742 2.15
41.3705 2.15218
41.3709 2.15193
41.3709 2.15193
41.3709 2.15193
41.3709 2.15193
41.3687 2.15335
41.3739 2.17623
41.3709 2.15156
41.371 2.15185
41.3732 2.15003
41.3716 2.15139
41.3716 2.15139
41.3683 2.15353
41.3692 2.1531
41.3792 2.17807
41.3792 2.17807
41.3702 2.15234
41.3705 2.15215
41.3712 2.1512
41.3722 2.15133
41.3729 2.15081
41.3677 2.15405
41.3677 2.15405
41.3697 2.15194
41.3714 2.15083
41.3717 2.15141
41.3706 2.15232
41.3714 2.15156
41.3714 2.15156
41.3688 2.15311
41.3699 2.15248
41.3711 2.15121
41.3716 2.15101
41.3709 2.15157
41.3709 2.15157
41.3697 2.15269
41.3697 2.15269
41.3699 2.15288
41.3833 2.18333
41.3689 2.15332
41.3715 2.15101
41.3764 2.17776
41.3749 2.17713
41.3781 2.18037
41.3758 2.17775
41.3758 2.1777
41.3767 2.17893
41.3757 2.1778
41.3762 2.1774
41.3758 2.17775
41.393 2.16367
41.3758 2.17776
41.3757 2.17816
41.3735 2.17702
41.3759 2.17769
41.3782 2.18417
41.396 2.18033
41.3763 2.17832
41.3759 2.17772
41.3758 2.17772
41.3761 2.17749
41.3758 2.17774
41.3764 2.17722
41.3759 2.17769
41.3759 2.17769
41.3759 2.17767
41.3774 2.17881
41.3759 2.17767
41.3731 2.17728
41.3758 2.17772
41.3739 2.17729
41.3759 2.17769
41.3759 2.17772
41.3762 2.1772
41.3756 2.17859
41.3764 2.17711
41.3758 2.17774
41.3758 2.17774
41.3759 2.17774
41.374 2.17623
41.3764 2.17849
41.377 2.17971
41.3765 2.17779
41.3758 2.17781
41.3758 2.17781
41.3857 2.16994
41.3857 2.16994
41.3764 2.1775
41.3753 2.17731
41.3759 2.17767
41.3758 2.17766
41.3758 2.17771
41.3759 2.17772
41.3759 2.17772
41.3758 2.17782
41.3762 2.17727
41.3741 2.17581
41.3755 2.17817
41.387 2.17003
41.3838 2.18253
41.3758 2.17812
41.3759 2.17772
41.3758 2.1777
41.3756 2.17861
41.3759 2.17773
41.3787 2.1755
41.3759 2.17788
41.3759 2.17788
41.3759 2.17788
41.3758 2.17778
41.3757 2.17741
41.3758 2.17806
41.3759 2.17769
41.3759 2.1777
41.3754 2.17832
41.3754 2.17885
41.3759 2.17774
41.3759 2.17765
41.3759 2.17765
41.3759 2.17769
41.377 2.17854
41.3771 2.17966
41.3759 2.17767
41.3759 2.17773
41.3754 2.17567
41.3759 2.17771
41.3767 2.17691
41.3759 2.17773
41.3759 2.17771
41.3756 2.17896
41.3762 2.1777
41.3967 2.15953
41.3757 2.17845
41.3759 2.17771
41.3758 2.1777
41.3759 2.17771
41.3758 2.17774
41.3755 2.17892
41.3757 2.17797
41.3759 2.17771
41.3758 2.17772
41.3761 2.17817
41.3758 2.17787
41.3758 2.17771
41.3757 2.17826
41.3761 2.17779
41.3758 2.17767
41.3833 2.18333
41.3833 2.18333
41.3833 2.18333
41.3758 2.1778
41.3759 2.17764
41.3759 2.17764
41.3758 2.17777
41.3757 2.17933
41.3761 2.1773
41.3759 2.17831
41.3844 2.17637
41.3836 2.1777
41.3832 2.17668
41.3832 2.17651
41.3836 2.17632
41.3831 2.17674
41.3831 2.17674
41.3839 2.17733
41.3836 2.17686
41.3839 2.17633
41.383 2.17678
41.3835 2.17579
41.3829 2.17737
41.3835 2.17608
41.384 2.1768
41.3835 2.17628
41.384 2.17635
41.3839 2.17628
41.3819 2.17487
41.382 2.17883
41.382 2.17883
41.3833 2.17657
41.3802 2.17209
41.3802 2.17209
41.3846 2.17716
41.3833 2.17649
41.3833 2.17641
41.3841 2.17624
41.3838 2.17653
41.3837 2.17747
41.383 2.17601
41.3834 2.17623
41.3831 2.17691
41.3832 2.17647
41.3839 2.17559
41.3839 2.17718
41.3832 2.17663
41.3837 2.17597
41.3833 2.17657
41.3834 2.17627
41.3836 2.1756
41.3836 2.17604
41.3836 2.17604
41.3823 2.1774
41.3832 2.17673
41.3832 2.17662
41.3841 2.17693
41.3833 2.17639
41.3834 2.17623
41.3835 2.17628
41.3835 2.17628
41.3835 2.17628
41.3833 2.17647
41.3833 2.17647
41.3834 2.17641
41.3844 2.17601
41.3838 2.17582
41.3805 2.16651
41.3848 2.17894
41.3824 2.17734
41.3832 2.17653
41.384 2.177
41.3846 2.17588
41.3846 2.17588
41.3833 2.17652
41.3829 2.17737
41.3829 2.17737
41.3832 2.1765
41.3833 2.1833
41.3837 2.17593
41.3842 2.1752
41.3836 2.176
41.3801 2.1762
41.376 2.17952
41.3759 2.17797
41.3762 2.17865
41.3762 2.17733
41.3761 2.17739
41.376 2.17891
41.3762 2.17854
41.3762 2.17859
41.3734 2.17818
41.376 2.17941
41.3759 2.17953
41.376 2.17867
41.3758 2.17774
41.376 2.1782
41.376 2.17864
41.376 2.17855
41.3762 2.17725
41.4036 2.17448
41.4036 2.17444
41.404 2.17446
41.4039 2.17464
41.4035 2.17419
41.4035 2.17419
41.4036 2.17318
41.4036 2.17425
41.4037 2.174
41.404 2.17496
41.4035 2.17447
41.4035 2.17447
41.4035 2.17447
41.4036 2.17429
41.4036 2.17433
41.4036 2.17433
41.4036 2.17433
41.3868 2.19625
41.3868 2.19625
41.4036 2.17432
41.4038 2.17484
41.403 2.174
41.4039 2.17508
41.4041 2.17482
41.4036 2.17439
41.4036 2.17426
41.404 2.17471
41.4032 2.17476
41.4032 2.17476
41.4037 2.17425
41.4037 2.17425
41.4037 2.17425
41.4037 2.17425
41.4035 2.17395
41.4034 2.1744
41.4035 2.17384
41.4036 2.17432
41.4039 2.17419
41.4038 2.17477
41.4038 2.1741
41.4036 2.1744
41.4036 2.17449
41.4038 2.17444
41.4033 2.17395
41.404 2.17485
41.4037 2.17412
41.4039 2.17506
41.4034 2.17411
41.4036 2.17432
41.4042 2.17491
41.4042 2.17491
41.4035 2.17329
41.404 2.17491
41.4034 2.17435
41.4039 2.17481
41.4037 2.17454
41.404 2.17498
41.4035 2.17455
41.4035 2.1741
41.404 2.17487
41.4037 2.17443
41.4038 2.17437
41.4033 2.17518
41.4035 2.17439
41.4038 2.17473
41.4037 2.17422
41.4032 2.17477
41.4042 2.17471
41.4042 2.17469
41.4042 2.17471
41.4045 2.17483
41.404 2.17494
41.4107 2.15642
41.4037 2.17472
41.4027 2.17355
41.3844 2.17625
41.4036 2.17444
41.3844 2.17625
41.4036 2.17439
41.4036 2.17439
41.4036 2.17439
41.4041 2.17382
41.4036 2.17436
41.4038 2.17452
41.4039 2.17474
41.4036 2.17438
41.4036 2.17438
41.3963 2.15531
41.4042 2.17483
41.4038 2.1749
41.4039 2.17498
41.404 2.17489
41.4035 2.17444
41.3916 2.16484
41.3916 2.16484
41.3916 2.16484
41.3916 2.16484
41.3916 2.16473
41.3916 2.16485
41.3916 2.16485
41.3919 2.16479
41.3919 2.16479
41.3918 2.16504
41.3943 2.16157
41.3923 2.16461
41.3914 2.16511
41.3914 2.16511
41.3914 2.16511
41.3914 2.16511
41.3933 2.16259
41.392 2.16567
41.3935 2.16266
41.3886 2.16938
41.3886 2.16938
41.3886 2.16938
41.3923 2.16506
41.3917 2.16483
41.3974 2.15944
41.395 2.16159
41.395 2.16159
41.3919 2.16478
41.3917 2.16513
41.3949 2.16166
41.3919 2.16504
41.3914 2.16517
41.3914 2.16517
41.3919 2.16507
41.3924 2.16491
41.3925 2.16479
41.3917 2.165
41.3924 2.16446
41.3917 2.16478
41.3916 2.16515
41.3917 2.16509
41.3916 2.16504
41.3916 2.16483
41.3918 2.16498
41.3916 2.16504
41.3918 2.165
41.3914 2.16516
41.3907 2.16589
41.392 2.17993
41.3905 2.18123
41.38 2.18
41.3916 2.18009
41.3909 2.18074
41.3909 2.18074
41.3911 2.18063
41.3907 2.18103
41.3909 2.1808
41.3914 2.18019
41.3914 2.18007
41.3913 2.18037
41.391 2.18063
41.391 2.18063
41.391 2.18063
41.391 2.18063
41.391 2.18061
41.391 2.18061
41.3905 2.18139
41.3914 2.18007
41.3914 2.17978
41.3909 2.18073
41.3909 2.18073
41.3911 2.18034
41.3877 2.18517
41.391 2.18059
41.3913 2.18028
41.3913 2.18028
41.3913 2.18028
41.391 2.18062
41.3905 2.18133
41.3904 2.18141
41.3908 2.18103
41.3907 2.18112
41.3897 2.18242
41.3914 2.18013
41.3914 2.18013
41.3908 2.18085
41.3912 2.1804
41.3909 2.18092
41.3911 2.1806
41.3917 2.18013
41.3917 2.18013
41.3913 2.18031
41.391 2.18169
41.3908 2.18098
41.3914 2.1801
41.3908 2.18087
41.3914 2.18007
41.3901 2.18182
41.3915 2.18009
41.3918 2.1798
41.3914 2.18015
41.3911 2.18057
41.3816 2.16881
41.3905 2.18115
41.3911 2.18055
41.3911 2.18055
41.3906 2.18114
41.3908 2.18094
41.3914 2.18007
41.3914 2.18007
41.3914 2.18007
41.3833 2.1833
41.3833 2.1833
41.3833 2.1833
41.3899 2.182
41.3914 2.18017
41.3914 2.18029
41.3914 2.18029